tests/data/benchmark/settle_expected_result.ecsv
# %ECSV 1.0
# ---
# datatype:
# - {name: run, datatype: int64, description: '[1/63] Run ID'}
# - {name: col1, datatype: float64}
# - {name: col2, datatype: float64}
# - {name: col3, datatype: float64}
# schema: astropy-2.0
run col1 col2 col3
1 0.9750249492497107 2.7633298129722115 94.31579709642531
2 1.1834082259963619 3.532733138772906 76.12021361088897
3 1.4326140761813766 4.3939919170268835 64.02916177667193
4 1.719805957611559 5.301930544118799 55.36379424634554
5 2.046942098992633 6.287932602974636 48.89012566924173
6 2.425823014161883 7.35414193001547 43.88263533271835
7 2.8588579557401066 8.501210280139192 39.90526945011807
8 1.510259722807471 4.559994887552824 88.52964634134607
9 1.8776596318436733 5.964356407677315 71.61929081859167
10 2.311364392458959 7.530909791666819 60.20441496916515
11 2.8260967039201 9.278069455484495 51.98880288532826
12 3.4489433715663083 11.305624194014182 45.815770233569715
13 4.216517223746999 13.674246027671073 41.02192963230789
14 1.510259722807471 4.559994887552824 88.52964634134607
15 0.7885802984224203 1.6586997051654009 127.08069548617065
16 0.8896576668237084 1.934638967550629 104.85189680146907
17 1.0317923236535316 2.296717566775029 88.32194620192458
18 1.1844554735818604 2.6727421750224716 75.89604686505676
19 1.3476471166086947 3.0430527657358657 66.6602195196133
20 1.5213672527340338 3.400964082519242 59.64501842767448
21 0.7885802984224203 1.6586997051654009 127.08069548617065
22 1.4918200501025023 2.6567727257184246 99.94745116505659
23 1.7607095916949038 3.3258800853828157 80.19847893270993
24 2.1108492155855054 4.09874350827555 67.42532773982839
25 2.5062508862404558 4.896111057299534 58.312672388166256
26 2.94445144277334 5.723437296241542 51.50859241533539
27 3.4348395828527045 6.585943938821317 46.25543467704933
28 0.7885802984224203 1.6586997051654009 127.08069548617065
29 2.3838309624305425 4.685735374487517 90.55394719807188
31 3.5685077336847826 7.581381372172873 61.55373449211321
32 4.315617038888946 9.253725983651432 53.188339069309805
33 5.1991964734313845 11.086198162482747 46.9013455182734
34 6.245633811490399 13.177599396995465 42.035338960544685
35 1.4918200501025023 2.6567727257184246 99.94745116505659
36 1.9350777065062008 2.3699755486859844 145.50058041853586
37 1.668708694166463 2.017174155520817 125.32050111089453
38 1.6154360852097813 2.0030404031074545 105.58850962751589
39 1.7766832103727905 2.2002774040186486 92.19317755262462
40 2.0214706749130418 2.4513232026938514 82.75145649941187
41 2.2820508791010505 2.6973613709456536 75.20333299004832
42 0.7885802984224203 1.6586997051654009 127.08069548617065
43 4.393366424563562 3.007273941835494 129.86844200657438
44 3.569971715679648 2.8055911184090077 96.38187909124136
45 4.074902008743885 3.3437436586009097 79.59207358844377
46 4.641565794199872 3.879764737288232 68.14261339041097
47 5.283441396823001 4.418259408292253 59.86429916589838
48 6.030891653462239 4.981030071018491 53.753554960281825
49 1.4918200501025023 2.6567727257184246 99.94745116505659
50 5.042639507537971 4.610389226927433 97.3419455975085
51 5.9962343318105775 5.806570734582028 78.3094827344786
52 7.174363864962495 7.131135166576885 65.78257107503283
53 8.519642837080193 8.533393220694506 56.866866215807704
54 10.034104870601007 10.005856066420177 50.2026454685812
55 11.739049696314249 11.555790281205187 45.0482195614723
56 2.3838309624305425 4.685735374487517 90.55394719807188
57 16.044749363313866 8.963943890801213 159.4828657295489
58 11.591808648001928 5.671911783005604 155.15927215726344
59 9.981316636421273 4.390137116144868 148.83201839653972
60 9.44377273636636 3.8047477797525464 141.54020702484914
63 1.9350777065062008 2.3699755486859844 145.50058041853586
