tests/data/benchmark/settle_expected_result.ecsv
# %ECSV 1.0
# ---
# datatype:
# - {name: run, datatype: int64, description: '[1/63] Run ID'}
# - {name: col1, datatype: float64}
# - {name: col2, datatype: float64}
# - {name: col3, datatype: float64}
# schema: astropy-2.0
run col1 col2 col3
1 1.5000383834610933 2.7633298129722115 123.1632838923482
2 1.820628039994403 3.532733138772906 99.40238822685448
3 2.2040216556636563 4.3939919170268835 83.61315995905659
4 2.645855319402398 5.301930544118799 72.29739787014587
5 3.1491416907578964 6.287932602974636 63.84368910308049
6 3.732035406402897 7.35414193001547 57.30460474084067
7 4.398243008830932 8.501210280139192 52.1107193216079
8 2.323476496626878 4.559994887552824 115.60737756455488
9 2.888707125913343 5.964356407677315 93.52481046457883
10 3.5559452191676284 7.530909791666819 78.61857377761653
11 4.347841082954 9.278069455484495 67.89012960832731
12 5.306066725486628 11.305624194014182 59.82900945272945
13 6.486949574995384 13.674246027671073 53.56892186311554
14 2.323476496626878 4.559994887552824 115.60737756455488
15 1.2132004591114158 1.6586997051654009 165.94967393848708
16 1.3687041028057052 1.934638967550629 136.92196143142158
17 1.5873728056208178 2.296717566775029 115.33615013475438
18 1.8222391901259392 2.6727421750224716 99.10965770443809
19 2.073303256321069 3.0430527657358657 87.048954616019
20 2.340565004206206 3.400964082519242 77.8880798713033
21 1.2132004591114158 1.6586997051654009 165.94967393848708
22 2.295107769388465 2.6567727257184246 130.5174390836488
23 2.7087839872229282 3.3258800853828157 104.72803424886953
24 3.247460331670008 4.09874350827555 88.04807929964309
25 3.855770594216085 4.896111057299534 76.14822166558798
26 4.529925296574369 5.723437296241542 67.26304167327713
27 5.284368589004161 6.585943938821317 60.403149929051665
28 1.2132004591114158 1.6586997051654009 165.94967393848708
29 3.667432249893142 4.685735374487517 118.25083230677106
31 5.490011897976588 7.581381372172873 80.38059698669186
32 6.6394108290599165 9.253725983651432 69.45655665570538
33 7.998763805279053 11.086198162482747 61.24661945118796
34 9.608667402292921 13.177599396995465 54.89229318197505
35 2.295107769388465 2.6567727257184246 130.5174390836488
36 2.9770426253941547 2.3699755486859844 190.00347602712222
37 2.5672441448714816 2.017174155520817 163.65110544601907
38 2.485286284938125 2.0030404031074545 137.88387510236683
39 2.7333587851889085 2.2002774040186486 120.39143864990916
40 3.1099548844816027 2.4513232026938514 108.06186707962047
41 3.5108475063093088 2.6973613709456536 98.20506994427096
42 1.2132004591114158 1.6586997051654009 165.94967393848708
43 6.759025268559327 3.007273941835494 169.59008229724128
44 5.49226417796869 2.8055911184090077 125.86129897684397
45 6.269080013452132 3.3437436586009097 103.93615339890614
46 7.140870452615187 3.879764737288232 88.9847543735365
47 8.128371379727694 4.418259408292253 78.17442994886649
48 9.278294851480366 4.981030071018491 70.19464982125518
49 2.295107769388465 2.6567727257184246 130.5174390836488
50 7.757906934673801 4.610389226927433 127.115012005914
51 9.224975895093197 5.806570734582028 102.26126852990441
52 11.03748286917307 7.131135166576885 85.90286808687658
53 13.10714282627722 8.533393220694506 74.2602003421033
54 15.437084416309242 10.005856066420177 65.55765700280682
55 18.060076455868074 11.555790281205187 58.826695267411715
56 3.667432249893142 4.685735374487517 118.25083230677106
57 24.684229789713633 8.963943890801213 208.2623915878261
58 17.833551766156813 5.671911783005604 202.616381068145
59 15.355871748340421 4.390137116144868 194.35386964183294
60 14.528881132871323 3.8047477797525464 184.8317804297489
63 2.9770426253941547 2.3699755486859844 190.00347602712222
