tests/data/benchmark/settle_expected_result.ecsv
# %ECSV 1.0
# ---
# datatype:
# - {name: run, datatype: int64, description: '[1/63] Run ID'}
# - {name: col1, datatype: float64}
# - {name: col2, datatype: float64}
# - {name: col3, datatype: float64}
# schema: astropy-2.0
run col1 col2 col3
1 0.9750249492495953 2.76332981297192 125.364004067687
2 1.1834082259963892 3.5327331387729717 101.17854126804075
3 1.4326140761813602 4.393991917026847 85.10718611872507
4 1.7198059576116036 5.301930544118921 73.58923044466972
5 2.0469420989926705 6.287932602974737 64.98446815863193
6 2.4258230141619177 7.354141930015559 58.328541386629645
7 2.8588579557401834 8.50121028013939 53.0418499941452
8 1.5102597228074668 4.559994887552814 117.67308643642032
9 1.8776596318436707 5.964356407677307 95.19594110335085
10 2.311364392458966 7.530909791666839 80.02335510530598
11 2.8260967039200833 9.278069455484427 69.10321173161745
12 3.448943371566326 11.30562419401424 60.89805295345599
13 4.216517223746858 13.674246027670632 54.526108155894335
14 1.5102597228074668 4.559994887552814 117.67308643642032
15 0.7885802984554079 1.6586997052199615 168.91491474866837
16 0.8896576668237103 1.9346389675506324 139.36852597116462
17 1.0317923236535336 2.2967175667750324 117.39701262985895
18 1.1844554735818629 2.6727421750224747 100.88058014486194
19 1.3476471166086972 3.0430527657358692 88.60437263193698
20 1.5213672527340367 3.400964082519246 79.27980850482314
21 0.7885802984554079 1.6586997052199615 168.91491474866837
22 1.491820050102438 2.65677272571833 132.84956560989568
23 1.760709591695224 3.325880085383321 106.59934760307551
24 2.110849215585232 4.098743508275111 89.62134998868892
25 2.5062508862404207 4.8961110572994775 77.5088619671425
26 2.9444514427733663 5.723437296241581 68.4649187927159
27 3.434839582852647 6.5859439388212255 61.48245235183488
28 0.7885802984554079 1.6586997052199615 168.91491474866837
29 2.3838309624305145 4.685735374487464 120.36377525684499
31 3.5685077336849007 7.581381372173108 81.81686269757654
32 4.315617038889007 9.253725983651545 70.69762818864285
33 5.199196473431654 11.08619816248328 62.34099325186919
34 6.245633811490945 13.177599396996529 55.873125888432476
35 1.491820050102438 2.65677272571833 132.84956560989568
36 1.9350777088382753 2.3699755512574248 193.3985177369965
37 1.668708692470701 2.0171741539312693 166.575274674121
38 1.615436085142995 2.003040403053351 140.34762741518585
39 1.776683210372794 2.2002774040186512 122.54263062532537
40 2.0214706749130458 2.451323202693855 109.99275040419104
41 2.282050879101055 2.697361370945657 99.959828926956
42 0.7885802984554079 1.6586997052199615 168.91491474866837
43 4.393366400882464 3.0072739288096644 172.620370881181
44 3.5699717156816426 2.8055911184099487 128.11022813172497
45 4.074902008744234 3.3437436586010842 105.79331717778504
46 4.641565794200311 3.879764737288464 90.57476186650901
47 5.2834413968154745 4.4182594082882645 79.57127517531774
48 6.030891653462972 4.981030071018867 71.44890983431242
49 1.491820050102438 2.65677272571833 132.84956560989568
50 5.042639507538 4.610389226927455 129.38634289828104
51 5.996234331810588 5.806570734582037 104.08850494076827
52 7.174363864962516 7.131135166576903 87.43780746932788
53 8.519642837080186 8.533393220694501 75.58710488664698
54 10.034104870601208 10.005856066420346 66.72906177421783
55 11.739049696314531 11.55579028120542 59.87782910399223
56 2.3838309624305145 4.685735374487464 120.36377525684499
57 16.044749357677105 8.96394388769356 211.98368930193774
58 11.59180865120585 5.671911784510681 206.23679409920064
59 9.981316629790287 4.39013711345898 197.82664551528254
60 9.4437727616005 3.804747788656297 188.134412700266
63 1.9350777088382753 2.3699755512574248 193.3985177369965
